tekoci;SI56 1234 4321 1234 123;250;867.05
tekoci;SI56 3456 4287 6534 124;300;24.76
tekoci;SI56 8329 8325 9598 713;250;100.44
varcevalni;SI56 7823 4563 8346 130;0.001;102.77
tekoci;SI56 1234 4321 1234 126;100;801.9
tekoci;SI56 1234 4321 1234 127;250;115.45
tekoci;SI56 1234 4321 1234 128;250;290.35
varcevalni;SI56 7823 4563 8346 124;0;746.68
varcevalni;SI56 7823 4563 8346 126;0.001;700.81
tekoci;SI56 1234 4321 1234 129;200;897.17
tekoci;SI56 6203 4321 1234 130;250;986.86
tekoci;SI56 1234 4321 1234 131;500;912.88
varcevalni;SI56 7823 4563 8346 125;0.0005;503.11
tekoci;SI56 1234 4321 1234 133;0;780.15
tekoci;SI56 0010 4321 1234 135;250;162
varcevalni;SI56 6634 2346 1234 133;0.01;180.86
varcevalni;SI56 2341 4563 8346 666;0.005;479.95
tekoci;SI56 1234 4321 1234 139;220;886.99
tekoci;SI56 1234 4321 1234 140;250;734.87
tekoci;SI56 1234 4321 1234 141;0;963.66
tekoci;SI56 1234 4321 1234 142;100;27.29
varcevalni;SI56 7823 4563 8346 123;0.001;449.58
varcevalni;SI56 7823 4563 8346 127;0;862.15
tekoci;SI56 1234 2345 1234 134;750;281.61
varcevalni;SI56 1245 4563 8346 128;0.003;619.34
varcevalni;SI56 0101 4563 0001 129;0.0319;647.79
tekoci;SI56 1234 4321 1234 136;250;859.99
tekoci;SI56 1234 4321 1234 137;350;40.54
tekoci;SI56 1234 4321 1234 138;250;292.14
varcevalni;SI56 7823 4563 8346 131;0.002;920.11
varcevalni;SI56 4399 4862 3498 132;0.001;22.79
varcevalni;SI56 7823 3444 0022 135;0.006;738.6
tekoci;SI56 1234 4321 1234 132;250;655.82
